0 1 4.73021e-05 -0.000119474 -1.10636e-05 -4.73064e-05 1 -3.59401e-05 -3.37795e-05 0.000119472 3.59458e-05 1 4.68323e-05 0 0 0 1
1 1 6.05896e-05 7.28517e-07 -3.22904e-05 -6.05895e-05 1 -8.1171e-05 8.16901e-07 -7.33435e-07 8.1171e-05 1 7.99907e-05 0 0 0 1
2 1 7.05009e-05 -0.000128888 -0.000141681 -7.05216e-05 1 -0.000160403 -5.95273e-05 0.000128877 0.000160412 1 0.000186643 0 0 0 1
3 1 5.52635e-05 -9.8943e-05 0.000518228 -5.52551e-05 1 8.5536e-05 3.5036e-06 9.89477e-05 -8.55305e-05 1 0.000627264 0 0 0 1
4 1 4.31384e-05 -0.000131149 0.000210745 -4.31576e-05 1 -0.000146599 0.000406672 0.000131143 0.000146605 1 -0.000632285 0 0 0 1
5 1 0.000598389 -0.000614046 -0.00274434 -0.000598081 1 0.000502606 0.00161545 0.000614347 -0.000502238 1 -0.000373157 0 0 0 1
6 0.999999 0.000540441 -0.000854047 -0.00269963 -0.000540401 1 4.69766e-05 0.00256464 0.000854072 -4.6515e-05 1 -0.00147344 0 0 0 1
7 1 0.000341868 -0.000898327 -0.00393451 -0.000341751 1 0.000130294 0.00191815 0.000898372 -0.000129987 1 -0.000178793 0 0 0 1
8 1 0.000292297 -0.000881496 -0.00472897 -0.000292186 1 0.000126838 0.00156019 0.000881533 -0.00012658 1 0.000169546 0 0 0 1
9 1 0.000297226 -0.000624142 -0.00334622 -0.000297331 1 -0.000168394 0.000351482 0.000624092 0.00016858 1 0.000485143 0 0 0 1
10 1 0.000356846 -0.000592981 -0.00302713 -0.000356774 1 0.000121219 0.000247551 0.000593024 -0.000121007 1 -0.00086181 0 0 0 1
11 0.999999 0.00054337 -0.00103145 -0.00166899 -0.000543704 1 -0.000323494 0.000164248 0.00103128 0.000324054 0.999999 -0.00106315 0 0 0 1
12 1 0.000400454 -0.000587254 -0.00109686 -0.000400263 1 0.00032557 0.00128753 0.000587384 -0.000325334 1 -0.00209635 0 0 0 1
13 1 0.000407925 -0.000886737 -0.00238234 -0.000408233 1 -0.0003472 0.000171968 0.000886595 0.000347562 1 0.00160129 0 0 0 1
14 1 0.000382229 -0.000735975 -0.00149719 -0.000382135 1 0.000128217 0.00181895 0.000736023 -0.000127936 1 -0.000741846 0 0 0 1
15 1 0.000405851 -0.000889439 -0.00127496 -0.000406068 1 -0.000243668 0.00187036 0.00088934 0.000244029 1 -0.00304526 0 0 0 1
16 1 0.000509909 -0.000580328 -0.00115989 -0.000509785 1 0.000213563 0.000475073 0.000580437 -0.000213267 1 0.000140477 0 0 0 1
17 1 0.000711673 -0.000521632 -0.00129977 -0.00071159 1 0.000159355 0.00198838 0.000521745 -0.000158984 1 0.0016189 0 0 0 1
18 1 0.000251892 -0.000707964 -0.00188882 -0.000252331 1 -0.000620263 0.00155082 0.000707807 0.000620442 1 -0.0021478 0 0 0 1
19 1 0.00058043 -0.000509449 -0.000617251 -0.000580341 1 0.000174549 0.00271829 0.00050955 -0.000174253 1 -0.000598859 0 0 0 1
20 1 0.000511943 -0.00084973 -0.00158128 -0.00051212 1 -0.000208704 0.00220614 0.000849623 0.000209139 1 -0.00203501 0 0 0 1
21 0.999999 0.00053858 -0.000880617 -0.00191236 -0.000538392 1 0.00021342 0.000609229 0.000880732 -0.000212945 1 -0.00097491 0 0 0 1
22 1 0.000572582 -0.000689094 -0.00111392 -0.000572632 1 -7.26655e-05 0.00185933 0.000689052 7.30601e-05 1 -0.000877561 0 0 0 1
23 0.999999 0.000773188 -0.000647443 -0.00144886 -0.000772954 1 0.000361951 0.00128944 0.000647723 -0.000361451 1 -0.000387001 0 0 0 1
24 1 0.00043878 -0.000585148 -0.000337948 -0.000438791 1 -1.88894e-05 0.00251586 0.00058514 1.91462e-05 1 0.00026461 0 0 0 1
25 1 0.000563908 -0.000672501 -0.000981331 -0.00056374 1 0.000250571 0.000123862 0.000672642 -0.000250192 1 0.00206111 0 0 0 1
26 0.999999 0.000779764 -0.000736723 0.000815775 -0.000779392 1 0.000504662 0.00261238 0.000737116 -0.000504087 1 0.000161651 0 0 0 1
27 0.999999 0.000572112 -0.00104298 0.000623164 -0.000572611 1 -0.000477934 0.00332936 0.0010427 0.000478531 0.999999 -0.00426452 0 0 0 1
28 0.999999 0.000691767 -0.000967596 0.00166314 -0.000691083 1 0.000707227 0.00296805 0.000968085 -0.000706558 0.999999 -0.00215274 0 0 0 1
29 0.999999 0.000688435 -0.00077387 -0.000835141 -0.000688596 1 -0.000208653 0.00164418 0.000773726 0.000209186 1 0.0012505 0 0 0 1
30 1 0.000535798 -0.000784221 -0.0002828 -0.000535715 1 0.000105285 0.00211502 0.000784277 -0.000104865 1 -0.00211571 0 0 0 1
31 0.999999 0.000788291 -0.000799232 0.00025953 -0.000787567 0.999999 0.000904887 0.00143703 0.000799945 -0.000904257 0.999999 -0.000662709 0 0 0 1
32 0.999999 0.000651051 -0.001016 0.000933908 -0.000650921 1 0.000128824 0.00360134 0.00101608 -0.000128162 0.999999 -0.0039385 0 0 0 1
33 0.999999 0.000566211 -0.000905048 -0.000807676 -0.000565803 1 0.000451934 0.0021521 0.000905304 -0.000451421 0.999999 -0.0024437 0 0 0 1
34 0.999999 0.000492527 -0.000983604 -0.00130159 -0.000492778 1 -0.000255551 0.00115977 0.000983478 0.000256036 0.999999 -0.00254147 0 0 0 1
35 0.999999 0.000828682 -0.000826983 -0.00118159 -0.000828407 1 0.000332918 0.00228283 0.000827259 -0.000332232 1 -0.00122983 0 0 0 1
36 0.999999 0.000701587 -0.000786497 -0.00137391 -0.000701445 1 0.000180178 0.00329861 0.000786623 -0.000179627 1 -0.000931294 0 0 0 1
37 1 0.000647554 -0.000743057 -0.0012709 -0.000647409 1 0.000195333 0.00135115 0.000743184 -0.000194851 1 -0.000983062 0 0 0 1
38 1 0.000515331 -0.000438635 -0.00184413 -0.000515271 1 0.000136425 0.000915383 0.000438706 -0.000136199 1 0.0016892 0 0 0 1
39 0.999999 0.000679298 -0.000815415 -0.000504944 -0.000679437 1 -0.000170595 0.00155906 0.000815299 0.000171148 1 -0.00357305 0 0 0 1
40 1 0.000679916 -0.000727902 -0.00103341 -0.000679955 1 -5.28609e-05 0.00239281 0.000727866 5.33559e-05 1 0.000493014 0 0 0 1
41 0.999999 0.000580976 -0.000923039 -0.000862126 -0.000581447 1 -0.000509969 0.0020219 0.000922742 0.000510506 0.999999 -0.000580369 0 0 0 1
42 0.999999 0.000581724 -0.000900741 -0.000615323 -0.000581974 1 -0.000277593 0.00243842 0.000900579 0.000278117 1 -0.00223316 0 0 0 1
43 1 0.000494123 -0.000807696 -0.000506697 -0.000493897 1 0.00027973 0.00217863 0.000807834 -0.000279331 1 -0.00250715 0 0 0 1
44 0.999999 0.000553571 -0.000897236 -0.000822636 -0.000553622 1 -5.64493e-05 0.00250903 0.000897205 5.6946e-05 1 -0.00216383 0 0 0 1
45 0.999999 0.00072134 -0.000774403 0.000711826 -0.000721303 1 4.80694e-05 0.00231099 0.000774437 -4.75108e-05 1 -0.00129497 0 0 0 1
46 0.999999 0.000562019 -0.000945498 -0.000205796 -0.00056217 1 -0.000159234 0.00222047 0.000945408 0.000159765 1 -0.00227211 0 0 0 1
47 1 0.000663559 -0.000733879 -0.00234091 -0.000663564 1 -6.78554e-06 0.00154494 0.000733874 7.27251e-06 1 -0.000749798 0 0 0 1
48 0.999999 0.000781525 -0.00101164 -0.00218761 -0.000781625 1 -9.90538e-05 0.00177987 0.00101156 9.98444e-05 0.999999 -0.00190174 0 0 0 1
49 0.999999 0.000825212 -0.000877883 -0.0014736 -0.000825219 1 -8.31652e-06 0.00322198 0.000877876 9.04096e-06 1 -0.000139823 0 0 0 1
50 0.999999 0.000672501 -0.000776721 -0.000178815 -0.000672534 1 -4.28103e-05 0.00389892 0.000776692 4.33327e-05 1 -0.00160651 0 0 0 1
51 0.999999 0.000831595 -0.000820151 -0.000107222 -0.000831491 1 0.000127153 0.00260315 0.000820257 -0.00012647 1 -0.00111068 0 0 0 1
52 0.999999 0.000686866 -0.000780686 -0.000913157 -0.000686988 1 -0.000155482 0.00113701 0.000780579 0.000156018 1 -3.5021e-06 0 0 0 1
53 0.999999 0.000572481 -0.000893035 -0.000792989 -0.000572954 1 -0.000529867 0.00332387 0.000892732 0.000530378 0.999999 -0.00228549 0 0 0 1
54 0.999999 0.000700912 -0.000724107 -0.000795614 -0.000700985 1 -0.000100269 0.00187536 0.000724036 0.000100776 1 0.000657611 0 0 0 1
55 0.999999 0.000674323 -0.000936907 0.000436899 -0.000674439 1 -0.000123316 0.00294155 0.000936824 0.000123948 1 -0.00260817 0 0 0 1
56 0.999999 0.000710674 -0.000841459 -0.00151701 -0.000710991 1 -0.000376688 0.00379092 0.000841191 0.000377286 1 -0.00142561 0 0 0 1
57 1 0.000679067 -0.000718809 -0.00123544 -0.000679157 1 -0.000124925 0.00278742 0.000718724 0.000125413 1 -0.000150227 0 0 0 1
58 0.999999 0.000657405 -0.000907478 -0.000481327 -0.000657307 1 0.00010791 0.00360771 0.000907549 -0.000107314 1 -0.00305222 0 0 0 1
59 0.999999 0.000887932 -0.000718551 -0.00106203 -0.000887835 1 0.000135394 0.00434654 0.000718671 -0.000134756 1 -0.00138083 0 0 0 1
60 0.999999 0.000776325 -0.000904065 -0.000909587 -0.000776444 1 -0.000131742 0.00343848 0.000903962 0.000132444 1 -0.00120289 0 0 0 1
61 0.999999 0.00079701 -0.000939334 -0.00153931 -0.000797042 1 -3.3203e-05 0.00280619 0.000939308 3.39517e-05 1 -0.000303373 0 0 0 1
62 0.999999 0.000871492 -0.000759646 -0.00150824 -0.000871751 1 -0.000341199 0.00309654 0.000759349 0.000341861 1 -0.00101704 0 0 0 1
63 0.999999 0.000794178 -0.00074438 -0.00186724 -0.000794202 1 -3.16136e-05 0.00228208 0.000744354 3.22048e-05 1 0.00015504 0 0 0 1
64 0.999999 0.000782577 -0.000746181 0.000299497 -0.000782649 1 -9.63249e-05 0.00409378 0.000746106 9.69089e-05 1 -0.00147214 0 0 0 1
65 0.999999 0.000743973 -0.000778017 -0.00147381 -0.000744015 1 -5.41002e-05 0.00225384 0.000777977 5.4679e-05 1 -0.000638962 0 0 0 1
66 0.999999 0.00079634 -0.000730998 -0.00138051 -0.000796275 1 8.93631e-05 0.00254529 0.000731069 -8.8781e-05 1 -0.000634059 0 0 0 1
67 0.999999 0.000600097 -0.000915946 -0.00120327 -0.000600388 1 -0.000317209 0.0035255 0.000915755 0.000317759 1 -0.00186662 0 0 0 1
68 0.999998 0.000712485 -0.00170857 -0.00212241 -0.000713438 1 -0.000556967 0.00215646 0.00170817 0.000558185 0.999998 -5.38607e-05 0 0 0 1
69 0.999999 0.000785158 -0.00104474 -0.000703458 -0.000785197 1 -3.72616e-05 0.00343618 0.00104472 3.80819e-05 0.999999 -0.000433326 0 0 0 1
70 0.999993 0.000697185 -0.00364889 -0.00143454 -0.000698073 1 -0.000242158 0.00349593 0.00364872 0.000244703 0.999993 0.000145656 0 0 0 1
71 1 0.000771338 -0.000232557 0.000693625 -0.000771302 1 0.00015413 0.00329875 0.000232676 -0.000153951 1 -0.00141068 0 0 0 1
72 0.999997 0.000832011 0.00208973 -0.000569169 -0.000832578 1 0.000270541 0.00391151 -0.0020895 -0.00027228 0.999998 -0.00102128 0 0 0 1
73 0.999852 0.00127227 0.0171641 0.00155098 -0.00136674 0.999984 0.00549334 0.00370024 -0.0171569 -0.00551599 0.999838 -0.00154684 0 0 0 1
74 0.998904 0.00902489 0.0459241 0.00222599 -0.00936652 0.99993 0.00722931 -0.000624797 -0.0458557 -0.00765154 0.998919 -0.00279393 0 0 0 1
75 0.997038 0.0265624 0.0721824 0.00340632 -0.0273199 0.999581 0.00952724 -0.00373051 -0.0718991 -0.011471 0.997346 0.00637989 0 0 0 1
76 0.999045 0.0120255 0.0419969 0.00829764 -0.0119254 0.999925 -0.00263307 0.00237738 -0.0420254 0.00212973 0.999114 0.0364362 0 0 0 1
77 0.999205 0.00236825 0.0397914 0.0249878 -0.00211305 0.999977 -0.00645443 0.0011555 -0.0398058 0.00636521 0.999187 0.0955931 0 0 0 1
78 0.998545 -0.00573117 0.0536205 0.0440403 0.00467788 0.999794 0.0197483 -0.00921326 -0.0537227 -0.0194687 0.998366 0.183899 0 0 0 1
79 0.999607 0.0149033 0.0237481 0.0570033 -0.0150786 0.99986 0.00721986 -0.0316607 -0.0236372 -0.00757511 0.999692 0.296528 0 0 0 1
80 0.997698 0.0554521 0.0390276 0.072452 -0.0556125 0.998448 0.00303413 -0.0597917 -0.0387988 -0.00519757 0.999234 0.423566 0 0 0 1
81 0.996989 0.0764922 0.0127145 0.0828378 -0.0766178 0.997013 0.00970844 -0.0830395 -0.0119339 -0.0106534 0.999872 0.564946 0 0 0 1
82 0.993155 0.116668 0.00559165 0.0994226 -0.116726 0.993099 0.0113413 -0.130822 -0.00422989 -0.0119164 0.99992 0.705339 0 0 0 1
83 0.989653 0.1433 0.00721806 0.11776 -0.143439 0.989334 0.025374 -0.171347 -0.00350499 -0.0261468 0.999652 0.829329 0 0 0 1
84 0.987085 0.159958 -0.00873402 0.138675 -0.159679 0.986813 0.0265162 -0.19908 0.0128603 -0.0247791 0.99961 0.955896 0 0 0 1
85 0.985043 0.167137 -0.0418994 0.158507 -0.165511 0.985409 0.0396986 -0.233569 0.0479232 -0.03217 0.998333 1.05133 0 0 0 1
86 0.984502 0.160543 -0.0705774 0.18715 -0.157035 0.986183 0.0527556 -0.26126 0.0780718 -0.0408548 0.99611 1.12438 0 0 0 1
87 0.980947 0.144647 -0.129691 0.215465 -0.1375 0.988527 0.0625132 -0.275504 0.137246 -0.0434896 0.989582 1.1828 0 0 0 1
88 0.971109 0.139734 -0.193445 0.24869 -0.125772 0.988604 0.0827292 -0.300847 0.2028 -0.0560092 0.977617 1.23541 0 0 0 1
89 0.967223 0.138095 -0.213096 0.284441 -0.121608 0.988608 0.0886916 -0.325607 0.222916 -0.0598704 0.972997 1.27457 0 0 0 1
90 0.960153 0.0772051 -0.268598 0.31709 -0.0583507 0.995284 0.0774962 -0.333427 0.273315 -0.0587353 0.96013 1.30826 0 0 0 1
91 0.952362 -0.002578 -0.304959 0.357527 0.0185648 0.9986 0.0495346 -0.353172 0.304404 -0.0528364 0.951076 1.33799 0 0 0 1
92 0.956837 -0.0610031 -0.28415 0.404115 0.0628164 0.998021 -0.00273537 -0.384467 0.283755 -0.015232 0.958776 1.36373 0 0 0 1
93 0.952312 -0.0897504 -0.291629 0.448375 0.0798932 0.995762 -0.0455605 -0.429411 0.294482 0.0200886 0.955446 1.38581 0 0 0 1
94 0.937362 -0.0581812 -0.343465 0.491318 0.0494202 0.998192 -0.0342142 -0.486504 0.344835 0.0150969 0.938542 1.39892 0 0 0 1
95 0.933105 -0.0106453 -0.359445 0.532085 0.00879746 0.999938 -0.00677627 -0.547132 0.359495 0.00316077 0.933142 1.40385 0 0 0 1
96 0.929641 0.031147 -0.367149 0.567268 -0.0250896 0.999459 0.0212607 -0.605058 0.367612 -0.0105533 0.929919 1.41737 0 0 0 1
97 0.918184 0.106007 -0.381707 0.60754 -0.0863334 0.993918 0.0683569 -0.660785 0.386632 -0.0298101 0.921752 1.43136 0 0 0 1
98 0.88692 0.250224 -0.38828 0.645406 -0.209197 0.967014 0.14533 -0.723145 0.411837 -0.0476686 0.91001 1.43731 0 0 0 1
99 0.833857 0.406152 -0.373797 0.689593 -0.342906 0.911826 0.225805 -0.778359 0.432549 -0.060112 0.899604 1.43398 0 0 0 1
100 0.766708 0.543184 -0.342213 0.740134 -0.463045 0.837104 0.291286 -0.828136 0.444689 -0.0648714 0.893333 1.42683 0 0 0 1
101 0.689587 0.663722 -0.289729 0.794898 -0.568335 0.743928 0.351519 -0.87106 0.448849 -0.0777398 0.89022 1.4183 0 0 0 1
102 0.618609 0.746044 -0.246458 0.842105 -0.646059 0.661506 0.380811 -0.902966 0.447136 -0.0763466 0.891202 1.43696 0 0 0 1
103 0.554112 0.807183 -0.203508 0.887884 -0.708896 0.585711 0.39295 -0.935449 0.43638 -0.0734729 0.896758 1.4347 0 0 0 1
104 0.496831 0.853899 -0.154967 0.928737 -0.758144 0.513953 0.401336 -0.968928 0.422347 -0.081909 0.902726 1.42334 0 0 0 1
105 0.446149 0.888678 -0.105842 0.969048 -0.795765 0.448032 0.407462 -1.00016 0.409523 -0.0975634 0.907068 1.41941 0 0 0 1
106 0.40079 0.914123 -0.0612118 0.997703 -0.828294 0.390091 0.402192 -1.04704 0.391531 -0.110493 0.913507 1.40972 0 0 0 1
107 0.374751 0.926196 -0.0415079 1.02469 -0.847377 0.360338 0.390011 -1.09699 0.376183 -0.110984 0.919874 1.39855 0 0 0 1
108 0.354762 0.934723 -0.0208975 1.05612 -0.859521 0.334852 0.386133 -1.14843 0.367925 -0.119023 0.922206 1.38837 0 0 0 1
109 0.354922 0.93489 -0.00329066 1.08375 -0.87007 0.331597 0.364723 -1.20505 0.342067 -0.126585 0.93111 1.36848 0 0 0 1
110 0.372356 0.927789 0.023649 1.11666 -0.888342 0.348916 0.298508 -1.26139 0.2687 -0.132159 0.954114 1.34497 0 0 0 1
111 0.416221 0.909137 0.0151442 1.1505 -0.877277 0.397145 0.269559 -1.30246 0.239052 -0.125482 0.962865 1.3279 0 0 0 1
112 0.451568 0.891962 0.0221542 1.17669 -0.866304 0.432365 0.250157 -1.33862 0.213552 -0.132155 0.967952 1.31338 0 0 0 1
113 0.492054 0.869864 0.0349134 1.22344 -0.854664 0.475048 0.209474 -1.36588 0.165628 -0.132912 0.977191 1.29021 0 0 0 1
114 0.555433 0.831031 0.029691 1.28497 -0.817988 0.539593 0.199338 -1.37543 0.149635 -0.135006 0.979481 1.26841 0 0 0 1
115 0.617173 0.786249 0.0301627 1.35316 -0.776617 0.602561 0.18381 -1.37233 0.126346 -0.136868 0.982499 1.24673 0 0 0 1
116 0.677638 0.73519 0.0174055 1.43065 -0.725651 0.664631 0.178037 -1.35614 0.119323 -0.133275 0.98387 1.23005 0 0 0 1
117 0.721125 0.691775 0.0377603 1.50351 -0.689889 0.712027 0.130655 -1.35003 0.0634976 -0.120269 0.990709 1.20518 0 0 0 1
118 0.761824 0.64275 0.0805959 1.5644 -0.64758 0.758786 0.0698821 -1.34746 -0.0162383 -0.10543 0.994294 1.17389 0 0 0 1
119 0.795632 0.59387 0.119529 1.61792 -0.602009 0.797116 0.0468038 -1.34445 -0.0674828 -0.109196 0.991727 1.15707 0 0 0 1
120 0.814449 0.55697 0.16266 1.6672 -0.56943 0.821081 0.0396801 -1.35392 -0.111456 -0.124941 0.985884 1.12967 0 0 0 1
121 0.826625 0.526365 0.199075 1.71691 -0.540552 0.841054 0.0207585 -1.37447 -0.156506 -0.12477 0.979764 1.09619 0 0 0 1
122 0.833611 0.503458 0.227208 1.78122 -0.515802 0.856688 -0.00584197 -1.38994 -0.197587 -0.112324 0.973829 1.07 0 0 0 1
123 0.843494 0.484329 0.232255 1.84592 -0.491617 0.870313 -0.0294592 -1.42552 -0.216402 -0.0893317 0.972209 1.0536 0 0 0 1
124 0.866587 0.459355 0.194988 1.91783 -0.463128 0.885831 -0.0285654 -1.45934 -0.185848 -0.06555 0.98039 1.06344 0 0 0 1
125 0.871557 0.450282 0.193997 1.99431 -0.453095 0.89088 -0.0322106 -1.49903 -0.187332 -0.0598256 0.980473 1.07306 0 0 0 1
126 0.895142 0.424458 0.136225 2.07375 -0.42689 0.90422 -0.012307 -1.53213 -0.128401 -0.0471363 0.990602 1.10281 0 0 0 1
127 0.91418 0.389402 0.112436 2.16558 -0.391754 0.920069 -0.00127911 -1.54666 -0.103947 -0.0428778 0.993658 1.12189 0 0 0 1
128 0.928655 0.367455 0.0507677 2.26127 -0.368918 0.929178 0.0229744 -1.5719 -0.0387302 -0.0400644 0.998446 1.132 0 0 0 1
129 0.931924 0.362591 0.0066771 2.36508 -0.362555 0.931088 0.0403501 -1.60836 0.00841362 -0.040024 0.999163 1.138 0 0 0 1
130 0.928813 0.368913 -0.0347694 2.46861 -0.367383 0.929055 0.0434258 -1.64759 0.048323 -0.0275607 0.998451 1.14517 0 0 0 1
131 0.916595 0.39886 -0.0276605 2.56766 -0.397319 0.916406 0.0483561 -1.6972 0.0446356 -0.0333329 0.998447 1.16015 0 0 0 1
132 0.896722 0.442251 -0.0174169 2.65598 -0.440654 0.895782 0.0583039 -1.75515 0.0413867 -0.0446076 0.998147 1.17996 0 0 0 1
133 0.885323 0.463383 -0.0384469 2.74161 -0.460562 0.885282 0.0644829 -1.80566 0.0639167 -0.0393811 0.997178 1.19272 0 0 0 1
134 0.877073 0.473815 -0.0790136 2.83245 -0.467619 0.879814 0.0852061 -1.85561 0.109889 -0.0377837 0.993225 1.19372 0 0 0 1
135 0.889693 0.446622 -0.0947386 2.92585 -0.440683 0.894308 0.0775337 -1.90101 0.119354 -0.0272315 0.992478 1.18561 0 0 0 1
136 0.921227 0.371562 -0.115249 3.02607 -0.366274 0.928242 0.0648798 -1.93369 0.131085 -0.0175565 0.991216 1.19629 0 0 0 1
137 0.95408 0.272797 -0.123746 3.1239 -0.269146 0.962017 0.0456462 -1.96974 0.131498 -0.0102444 0.991264 1.20481 0 0 0 1
138 0.970983 0.199061 -0.132539 3.2182 -0.196771 0.979981 0.0302913 -2.0006 0.135916 -0.00333246 0.990715 1.2233 0 0 0 1
139 0.979065 0.127843 -0.158394 3.31066 -0.128567 0.991684 0.00570638 -2.03433 0.157807 0.0147774 0.987359 1.22511 0 0 0 1
140 0.979887 0.061489 -0.189845 3.40546 -0.0656643 0.997717 -0.0157759 -2.07664 0.188441 0.0279246 0.981687 1.21526 0 0 0 1
141 0.970621 -0.00816595 -0.240473 3.50141 -0.000428285 0.999364 -0.0356649 -2.1106 0.240611 0.0347202 0.97 1.21101 0 0 0 1
142 0.967146 -0.0656467 -0.2456 3.60156 0.0608142 0.997778 -0.0272178 -2.14211 0.246841 0.0113877 0.968989 1.21435 0 0 0 1
143 0.972072 -0.110541 -0.207017 3.69873 0.109564 0.993847 -0.016219 -2.16728 0.207536 -0.00691544 0.978203 1.22495 0 0 0 1
144 0.96536 -0.143018 -0.218235 3.79091 0.138775 0.989715 -0.0347288 -2.20486 0.220957 0.00324017 0.975278 1.23493 0 0 0 1
145 0.957609 -0.147422 -0.24749 3.88068 0.140628 0.989039 -0.0450108 -2.26369 0.251413 0.00829882 0.967844 1.23567 0 0 0 1
146 0.952582 -0.133694 -0.273336 3.97083 0.126916 0.991006 -0.042416 -2.32463 0.276548 0.00571391 0.960983 1.22882 0 0 0 1
147 0.94871 -0.106309 -0.297739 4.0587 0.110065 0.993916 -0.00417094 -2.39293 0.296371 -0.0288137 0.954638 1.23424 0 0 0 1
148 0.946808 -0.0640918 -0.315353 4.14206 0.0769945 0.996621 0.0286147 -2.46389 0.312454 -0.0513731 0.948543 1.25102 0 0 0 1
149 0.943492 -0.00465081 -0.331363 4.22491 0.0266618 0.997726 0.0619108 -2.53403 0.330321 -0.0672471 0.94147 1.26482 0 0 0 1
150 0.931348 0.0678358 -0.357755 4.30931 -0.0324339 0.994043 0.10405 -2.5953 0.362683 -0.0853036 0.928 1.28042 0 0 0 1
151 0.925659 0.149999 -0.347356 4.39735 -0.108335 0.984695 0.136523 -2.661 0.362518 -0.088743 0.927742 1.28033 0 0 0 1
152 0.910202 0.22199 -0.349647 4.48756 -0.17255 0.970719 0.167124 -2.72515 0.376509 -0.0917846 0.921855 1.27846 0 0 0 1
153 0.891101 0.286154 -0.352215 4.58079 -0.231182 0.954122 0.19028 -2.78619 0.390506 -0.0881333 0.916372 1.27422 0 0 0 1
154 0.881397 0.361147 -0.304485 4.67276 -0.310478 0.9287 0.20278 -2.84674 0.356009 -0.0841942 0.930682 1.2709 0 0 0 1
155 0.869435 0.4115 -0.273403 4.7625 -0.366875 0.908396 0.20055 -2.90853 0.330885 -0.0740606 0.94076 1.26895 0 0 0 1
156 0.83984 0.474546 -0.263581 4.84095 -0.428226 0.877588 0.215548 -2.98861 0.333603 -0.0681538 0.940247 1.26569 0 0 0 1
157 0.801175 0.540675 -0.256493 4.91501 -0.493688 0.839398 0.22734 -3.06554 0.338217 -0.0555113 0.93943 1.2515 0 0 0 1
158 0.764919 0.603214 -0.225903 4.98114 -0.556586 0.795504 0.239555 -3.14549 0.324209 -0.0575055 0.944236 1.23577 0 0 0 1
159 0.71479 0.684269 -0.1444 5.05031 -0.646724 0.725342 0.235853 -3.23252 0.266126 -0.0751988 0.961001 1.21559 0 0 0 1
160 0.667026 0.738407 -0.0991555 5.11921 -0.703628 0.668101 0.241969 -3.30724 0.244917 -0.0916308 0.965204 1.20092 0 0 0 1
161 0.60996 0.790479 -0.0556038 5.1867 -0.762454 0.604556 0.2306 -3.38119 0.2159 -0.0982613 0.971459 1.19537 0 0 0 1
162 0.535253 0.84448 -0.0189329 5.25789 -0.820394 0.525063 0.226412 -3.44959 0.201141 -0.105655 0.973848 1.176 0 0 0 1
163 0.466477 0.884505 -0.00712359 5.3366 -0.863319 0.457028 0.214024 -3.50801 0.192561 -0.0936873 0.976802 1.15794 0 0 0 1
164 0.400226 0.916323 0.0131052 5.41592 -0.900789 0.390732 0.189492 -3.57504 0.168515 -0.0876447 0.981795 1.12427 0 0 0 1
165 0.350068 0.935017 0.056526 5.50053 -0.928225 0.338149 0.155092 -3.6344 0.125899 -0.106761 0.986282 1.09849 0 0 0 1
166 0.331941 0.93949 0.0846995 5.58251 -0.940622 0.3229 0.104716 -3.68652 0.07103 -0.11443 0.990889 1.0817 0 0 0 1
167 0.359615 0.930121 0.07451 5.6695 -0.930694 0.351811 0.100192 -3.73551 0.0669774 -0.105377 0.992174 1.06414 0 0 0 1
168 0.384991 0.919617 0.0780159 5.75959 -0.92221 0.380002 0.071603 -3.78888 0.0362011 -0.0995136 0.994377 1.0402 0 0 0 1
169 0.451669 0.887356 0.0927103 5.85807 -0.89217 0.44982 0.041154 -3.84055 -0.00518478 -0.101301 0.994842 0.997544 0 0 0 1
170 0.556207 0.8206 0.131335 5.95776 -0.827845 0.560955 0.00101623 -3.87602 -0.0728393 -0.109291 0.991337 0.965694 0 0 0 1
171 0.662319 0.736381 0.138118 6.0416 -0.743252 0.669006 -0.00270055 -3.89623 -0.0943904 -0.100868 0.990412 0.954131 0 0 0 1
172 0.727285 0.660655 0.185989 6.12629 -0.669386 0.742635 -0.0203835 -3.90601 -0.151588 -0.109674 0.98234 0.932629 0 0 0 1
173 0.773839 0.596978 0.211637 6.21017 -0.605733 0.79517 -0.0281582 -3.9147 -0.185097 -0.106406 0.976943 0.912738 0 0 0 1
174 0.81424 0.534273 0.22708 6.29469 -0.542625 0.839461 -0.0293912 -3.92239 -0.206327 -0.0992876 0.973433 0.889467 0 0 0 1
175 0.836471 0.497368 0.230088 6.38515 -0.504829 0.862712 -0.029601 -3.93421 -0.213222 -0.0913945 0.97272 0.866603 0 0 0 1
176 0.850645 0.466108 0.243201 6.47622 -0.469609 0.881617 -0.0471136 -3.94174 -0.23637 -0.0741325 0.968831 0.853797 0 0 0 1
177 0.860827 0.433595 0.266405 6.56402 -0.437416 0.897972 -0.0481109 -3.95323 -0.260085 -0.0751145 0.96266 0.840992 0 0 0 1
178 0.88134 0.380962 0.279478 6.6495 -0.383964 0.922191 -0.04622 -3.9534 -0.27534 -0.0665738 0.959039 0.825148 0 0 0 1
179 0.898451 0.342324 0.274954 6.73756 -0.347401 0.937183 -0.0316356 -3.96734 -0.268512 -0.067096 0.960937 0.810528 0 0 0 1
180 0.914808 0.296733 0.273998 6.83096 -0.298943 0.953641 -0.0346771 -3.97539 -0.271586 -0.0501869 0.961105 0.803358 0 0 0 1
181 0.928844 0.242198 0.280338 6.92774 -0.244808 0.969217 -0.0262304 -3.99272 -0.278061 -0.0442651 0.959543 0.789942 0 0 0 1
182 0.927255 0.214571 0.306851 7.00833 -0.220521 0.975258 -0.0155849 -4.01755 -0.302603 -0.053216 0.95163 0.781281 0 0 0 1
183 0.930382 0.19756 0.308804 7.08521 -0.201956 0.979229 -0.0180054 -4.04879 -0.305947 -0.0456131 0.950955 0.789933 0 0 0 1
184 0.927521 0.234054 0.291416 7.16649 -0.236674 0.971221 -0.0267575 -4.09667 -0.289292 -0.0441525 0.956222 0.779797 0 0 0 1
185 0.910635 0.297264 0.287016 7.2571 -0.294308 0.954158 -0.0544538 -4.14399 -0.290046 -0.0348837 0.956377 0.764519 0 0 0 1
186 0.891375 0.367329 0.265556 7.35183 -0.365899 0.928923 -0.0567361 -4.18289 -0.267522 -0.0465934 0.962425 0.757068 0 0 0 1
187 0.85685 0.447156 0.256632 7.44415 -0.441587 0.893433 -0.0823351 -4.226 -0.2661 -0.0427764 0.962996 0.755416 0 0 0 1
188 0.805461 0.534195 0.25665 7.52905 -0.526268 0.843841 -0.104764 -4.25979 -0.272536 -0.0506833 0.96081 0.768441 0 0 0 1
189 0.753745 0.612553 0.238008 7.59998 -0.598088 0.789493 -0.137813 -4.30465 -0.272323 -0.038474 0.961436 0.793846 0 0 0 1
190 0.715975 0.670805 0.193392 7.66497 -0.659858 0.740701 -0.126294 -4.35336 -0.227964 -0.0371884 0.972959 0.802923 0 0 0 1
191 0.663836 0.730321 0.161099 7.73176 -0.721858 0.682024 -0.117323 -4.40859 -0.195557 -0.0384069 0.97994 0.803944 0 0 0 1
192 0.626781 0.769542 0.12227 7.80967 -0.762462 0.638068 -0.107336 -4.4564 -0.160616 -0.0259498 0.986676 0.805574 0 0 0 1
193 0.609093 0.788212 0.0879027 7.88944 -0.783967 0.615141 -0.0836484 -4.51115 -0.120005 -0.0179631 0.992611 0.819139 0 0 0 1
194 0.598234 0.793336 0.112844 7.96358 -0.78728 0.608141 -0.101756 -4.55566 -0.149351 -0.0279661 0.988389 0.821343 0 0 0 1
195 0.558683 0.8222 0.108906 8.02095 -0.8214 0.566689 -0.0645437 -4.60743 -0.114784 -0.0533958 0.991954 0.840894 0 0 0 1
196 0.52505 0.846311 0.089885 8.08547 -0.846905 0.529995 -0.0430975 -4.66023 -0.0841126 -0.0534957 0.995019 0.860846 0 0 0 1
197 0.502481 0.861055 0.0780894 8.1554 -0.86208 0.50585 -0.0305555 -4.70312 -0.0658115 -0.0519658 0.996478 0.858688 0 0 0 1
198 0.487198 0.871131 0.0613892 8.22751 -0.872939 0.487793 0.00590026 -4.73786 -0.0248053 -0.0564636 0.998096 0.868767 0 0 0 1
199 0.52104 0.851409 0.0601662 8.31609 -0.851755 0.523208 -0.0276946 -4.75989 -0.0550589 -0.0368169 0.997804 0.873468 0 0 0 1
200 0.581257 0.810687 0.0701955 8.40428 -0.812396 0.583067 -0.00676385 -4.77768 -0.0464121 -0.053095 0.99751 0.880086 0 0 0 1
201 0.658293 0.745738 0.102594 8.48406 -0.746712 0.664153 -0.0363486 -4.79077 -0.0952449 -0.0526805 0.994059 0.868486 0 0 0 1
202 0.722718 0.683084 0.105237 8.56142 -0.684493 0.728489 -0.0277839 -4.80854 -0.0956426 -0.051954 0.994059 0.856438 0 0 0 1
203 0.775407 0.622161 0.107976 8.63891 -0.621746 0.782113 -0.0416185 -4.83692 -0.110343 -0.0348625 0.993282 0.837673 0 0 0 1
204 0.829054 0.547765 0.112355 8.71908 -0.545046 0.836507 -0.0564001 -4.86854 -0.124879 -0.0144796 0.992066 0.822529 0 0 0 1
205 0.87525 0.462748 0.140718 8.7923 -0.458843 0.886419 -0.0610205 -4.89181 -0.152972 -0.0111591 0.988168 0.810588 0 0 0 1
206 0.914119 0.370769 0.164067 8.86126 -0.364631 0.928724 -0.0672033 -4.91499 -0.17729 0.00160781 0.984157 0.796631 0 0 0 1
207 0.936257 0.290538 0.19751 8.93009 -0.284926 0.956859 -0.0569087 -4.9399 -0.205523 -0.00299452 0.978648 0.789438 0 0 0 1
208 0.94809 0.254527 0.190633 9.00115 -0.250828 0.967045 -0.0437035 -4.96804 -0.195474 -0.00638131 0.980688 0.772985 0 0 0 1
209 0.959386 0.203766 0.195082 9.07593 -0.202134 0.978944 -0.0284533 -4.97761 -0.196773 -0.0121351 0.980374 0.757517 0 0 0 1
210 0.968006 0.169064 0.185424 9.15681 -0.169356 0.98545 -0.0143804 -4.98643 -0.185157 -0.0174823 0.982553 0.744116 0 0 0 1
211 0.967028 0.153203 0.203437 9.23631 -0.152335 0.988126 -0.0200143 -5.00148 -0.204087 -0.0116363 0.978884 0.744256 0 0 0 1
212 0.969924 0.141113 0.198331 9.31183 -0.142061 0.989812 -0.00951239 -5.02212 -0.197653 -0.0189489 0.980089 0.750096 0 0 0 1
213 0.968276 0.123773 0.217076 9.39196 -0.125694 0.992057 -0.00499128 -5.03642 -0.215969 -0.0224522 0.976142 0.764139 0 0 0 1
214 0.974673 0.108557 0.19552 9.47765 -0.112882 0.993547 0.0110814 -5.05875 -0.193055 -0.0328714 0.980637 0.759317 0 0 0 1
215 0.981622 0.101851 0.161385 9.56794 -0.103346 0.994645 0.000875742 -5.09277 -0.160432 -0.0175382 0.986891 0.765715 0 0 0 1
216 0.988458 0.0791151 0.129198 9.66583 -0.0788526 0.996861 -0.00715384 -5.12402 -0.129359 -0.00311635 0.991593 0.773526 0 0 0 1
217 0.991511 0.0516737 0.119316 9.76201 -0.0546103 0.998277 0.0214721 -5.15246 -0.118001 -0.0278057 0.992624 0.792598 0 0 0 1
218 0.991805 0.0406082 0.121133 9.86082 -0.0461824 0.997982 0.043569 -5.18275 -0.11912 -0.0488062 0.99168 0.816911 0 0 0 1
219 0.99342 0.000616105 0.114523 9.95835 -0.00681051 0.998534 0.0537054 -5.2001 -0.114322 -0.054132 0.991968 0.831363 0 0 0 1
220 0.994393 -0.0262437 0.102438 10.0604 0.0203248 0.998086 0.0584023 -5.21425 -0.103774 -0.0559928 0.993024 0.838139 0 0 0 1
221 0.994237 -0.0528233 0.0932878 10.1714 0.0466463 0.996649 0.0671988 -5.23079 -0.0965248 -0.06246 0.993369 0.830141 0 0 0 1
222 0.995158 -0.0562747 0.0805859 10.2852 0.0511415 0.996612 0.0644064 -5.24825 -0.0839373 -0.0599733 0.994665 0.815893 0 0 0 1
223 0.99213 -0.0397552 0.118735 10.4015 0.033744 0.998066 0.0522161 -5.26612 -0.120581 -0.0477985 0.991552 0.80046 0 0 0 1
224 0.982774 -0.0262911 0.182929 10.5095 0.0182879 0.998806 0.0453006 -5.28074 -0.183902 -0.0411749 0.982082 0.793127 0 0 0 1
225 0.983345 -0.0133263 0.181258 10.6139 0.0086012 0.999603 0.0268294 -5.30019 -0.181544 -0.0248235 0.983069 0.794362 0 0 0 1
226 0.986617 0.0207666 0.161728 10.7226 -0.022185 0.99973 0.0069694 -5.33031 -0.161539 -0.0104641 0.986811 0.794897 0 0 0 1
227 0.991466 0.029973 0.126873 10.833 -0.0301099 0.999546 -0.000839239 -5.3522 -0.126841 -0.00298807 0.991919 0.792563 0 0 0 1
228 0.998581 0.0218843 0.0485411 10.9373 -0.0213289 0.999701 -0.0119295 -5.37769 -0.0487877 0.0108773 0.99875 0.797517 0 0 0 1
229 0.99792 0.0566252 0.0307944 11.0375 -0.056172 0.998303 -0.0153883 -5.41403 -0.0316135 0.0136265 0.999407 0.820911 0 0 0 1
230 0.995551 0.094226 0.000786255 11.1352 -0.0942237 0.995548 -0.00260419 -5.43832 -0.00102814 0.00251852 0.999996 0.844282 0 0 0 1
231 0.988234 0.148693 -0.0358233 11.2342 -0.147355 0.988373 0.0375003 -5.46018 0.0409828 -0.0317804 0.998654 0.855646 0 0 0 1
232 0.978461 0.189441 -0.0820115 11.3374 -0.185133 0.981039 0.0573524 -5.48252 0.0913214 -0.0409341 0.99498 0.848657 0 0 0 1
233 0.964797 0.233116 -0.12175 11.4432 -0.22614 0.971686 0.0684656 -5.49179 0.134263 -0.0385228 0.990197 0.8552 0 0 0 1
234 0.943592 0.299561 -0.141058 11.544 -0.290487 0.9534 0.0815261 -5.51624 0.158906 -0.0359519 0.986639 0.855986 0 0 0 1
235 0.916285 0.37887 -0.129921 11.6445 -0.367691 0.92431 0.102245 -5.53648 0.158825 -0.0459148 0.986239 0.860431 0 0 0 1
236 0.894598 0.432002 -0.114315 11.7427 -0.421772 0.900783 0.103435 -5.54328 0.147657 -0.0443183 0.988045 0.870532 0 0 0 1
237 0.874476 0.469807 -0.12072 11.8358 -0.457725 0.881595 0.115228 -5.55944 0.160561 -0.0455072 0.985976 0.871787 0 0 0 1
238 0.843673 0.514951 -0.151796 11.9276 -0.502314 0.856962 0.115315 -5.57949 0.189465 -0.0210384 0.981662 0.87407 0 0 0 1
239 0.820179 0.538469 -0.193283 12.0182 -0.526225 0.842609 0.114446 -5.60869 0.224488 0.00784386 0.974445 0.866113 0 0 0 1
240 0.799098 0.557777 -0.22434 12.1116 -0.544257 0.829676 0.124183 -5.63278 0.255396 0.0228645 0.966566 0.863374 0 0 0 1
241 0.781242 0.58939 -0.20562 12.2016 -0.577285 0.807492 0.121237 -5.6614 0.237492 0.0239854 0.971093 0.861971 0 0 0 1
242 0.753811 0.638776 -0.154061 12.2934 -0.625821 0.769393 0.127996 -5.68948 0.200294 -6.98786e-05 0.979736 0.849293 0 0 0 1
243 0.717858 0.686929 -0.113177 12.3865 -0.669811 0.725797 0.156756 -5.72211 0.189823 -0.0367214 0.981131 0.836272 0 0 0 1
244 0.711395 0.697885 -0.0828997 12.4806 -0.681597 0.713875 0.160649 -5.74397 0.171295 -0.0577811 0.983524 0.823387 0 0 0 1
245 0.687146 0.722968 -0.0717505 12.5781 -0.707204 0.688228 0.161878 -5.75923 0.166414 -0.0604918 0.984199 0.811794 0 0 0 1
246 0.657213 0.749209 -0.0821938 12.679 -0.732437 0.660583 0.164823 -5.76903 0.177783 -0.048122 0.982892 0.812778 0 0 0 1
247 0.633732 0.769945 -0.0746246 12.7766 -0.756399 0.636992 0.148667 -5.77747 0.162001 -0.0377693 0.986068 0.804109 0 0 0 1
248 0.652022 0.756208 -0.0549331 12.8757 -0.745531 0.652631 0.135115 -5.77702 0.138026 -0.0471433 0.989306 0.806373 0 0 0 1
249 0.680457 0.730169 -0.0619048 12.9744 -0.717393 0.681005 0.146897 -5.78023 0.149417 -0.0555468 0.987213 0.799308 0 0 0 1
250 0.719825 0.690282 -0.0732265 13.0761 -0.680279 0.722487 0.123421 -5.7864 0.1381 -0.0390269 0.989649 0.777683 0 0 0 1
251 0.761801 0.642139 -0.0855364 13.1822 -0.634614 0.766264 0.100521 -5.79271 0.130092 -0.0222946 0.991251 0.749461 0 0 0 1
252 0.805892 0.588383 -0.0659093 13.2905 -0.583265 0.808101 0.0823118 -5.80626 0.101692 -0.0278918 0.994425 0.742371 0 0 0 1
