0 0.00163204 -0.0126701 0.999918 0.134684 -0.999991 -0.00391018 0.00158261 0.0644514 0.00388981 -0.999912 -0.0126764 0.00213737 0 0 0 1
1 0.00157996 -0.0125556 0.99992 0.134693 -0.999991 -0.00389314 0.00153119 0.0644166 0.0038736 -0.999914 -0.0125617 0.00216902 0 0 0 1
2 0.00158343 -0.0126293 0.999919 0.134659 -0.999991 -0.00387663 0.00153458 0.0643241 0.00385694 -0.999913 -0.0126353 0.00223066 0 0 0 1
3 0.00157878 -0.012581 0.99992 0.134969 -0.999991 -0.00389345 0.0015299 0.0643913 0.00387389 -0.999913 -0.012587 0.00252188 0 0 0 1
4 0.00153358 -0.0126099 0.999919 0.134971 -0.999991 -0.00385169 0.00148512 0.0646508 0.00383265 -0.999913 -0.0126157 0.00186633 0 0 0 1
5 0.001537 -0.012531 0.99992 0.13505 -0.999991 -0.00389456 0.0014883 0.0646218 0.0038756 -0.999914 -0.0125369 0.00197682 0 0 0 1
6 0.00158625 -0.0125739 0.99992 0.133251 -0.999991 -0.00383477 0.00153814 0.0647719 0.00381513 -0.999914 -0.0125798 0.00176215 0 0 0 1
7 0.00145498 -0.0124414 0.999922 0.131557 -0.999991 -0.00391354 0.00140639 0.0653046 0.00389573 -0.999915 -0.012447 0.0019805 0 0 0 1
8 0.00139264 -0.0124804 0.999921 0.130468 -0.999991 -0.0040308 0.00134243 0.0656087 0.00401373 -0.999914 -0.0124859 0.00272018 0 0 0 1
9 0.00146807 -0.0124388 0.999922 0.131031 -0.999991 -0.0040103 0.00141829 0.0650457 0.00399234 -0.999915 -0.0124445 0.00230618 0 0 0 1
10 0.00148978 -0.0122761 0.999924 0.131567 -0.999992 -0.00378705 0.00144339 0.0651585 0.00376904 -0.999917 -0.0122816 0.00162642 0 0 0 1
11 0.00145604 -0.0123767 0.999922 0.131777 -0.999991 -0.00396474 0.00140706 0.0648063 0.00394701 -0.999916 -0.0123823 0.00173763 0 0 0 1
12 0.00139924 -0.0120835 0.999926 0.133353 -0.999991 -0.00395885 0.00135149 0.0653191 0.00394222 -0.999919 -0.0120889 0.000500127 0 0 0 1
13 0.00148619 -0.0123603 0.999923 0.132664 -0.999991 -0.00392226 0.00143781 0.0646124 0.00390419 -0.999916 -0.012366 0.00210584 0 0 0 1
14 0.00137235 -0.0121983 0.999925 0.133132 -0.999991 -0.00394588 0.0013243 0.0653302 0.00392943 -0.999918 -0.0122036 0.00138561 0 0 0 1
15 0.00145927 -0.0120782 0.999926 0.133428 -0.999992 -0.00372078 0.00141443 0.0657538 0.00370342 -0.99992 -0.0120836 2.74676e-05 0 0 0 1
16 0.00143577 -0.0123177 0.999923 0.132208 -0.999991 -0.00399923 0.0013866 0.0648868 0.00398184 -0.999916 -0.0123234 0.00147808 0 0 0 1
17 0.00133288 -0.0123488 0.999923 0.132638 -0.99999 -0.00423758 0.00128064 0.0655976 0.00422144 -0.999915 -0.0123543 0.00277321 0 0 0 1
18 0.0012513 -0.0122655 0.999924 0.132817 -0.999991 -0.00417205 0.00120021 0.0659711 0.00415702 -0.999916 -0.0122707 0.00126251 0 0 0 1
19 0.00141411 -0.012212 0.999924 0.133602 -0.999992 -0.00379943 0.0013678 0.0656283 0.00378244 -0.999918 -0.0122173 0.00131855 0 0 0 1
20 0.00131124 -0.0122259 0.999924 0.133885 -0.999992 -0.00384271 0.00126435 0.0662247 0.00382696 -0.999918 -0.0122309 0.000887161 0 0 0 1
21 0.00128855 -0.0121852 0.999925 0.132722 -0.999991 -0.00409487 0.00123873 0.0655945 0.00407947 -0.999917 -0.0121904 0.000845669 0 0 0 1
22 0.00131422 -0.0121921 0.999925 0.133044 -0.999991 -0.0041571 0.00126362 0.0654682 0.00414139 -0.999917 -0.0121975 0.00102922 0 0 0 1
23 0.00133844 -0.0122301 0.999924 0.133167 -0.999991 -0.00400247 0.00128958 0.0654652 0.0039864 -0.999917 -0.0122354 0.00149245 0 0 0 1
24 0.00117079 -0.0121457 0.999926 0.133059 -0.99999 -0.00422848 0.0011195 0.0660694 0.00421457 -0.999917 -0.0121505 0.00183894 0 0 0 1
25 0.00142003 -0.0124307 0.999922 0.133455 -0.999991 -0.00396662 0.00137082 0.0650127 0.00394927 -0.999915 -0.0124362 0.00295888 0 0 0 1
26 0.00134391 -0.0123209 0.999923 0.133432 -0.999991 -0.00407697 0.00129376 0.0652341 0.00406072 -0.999916 -0.0123263 0.00296702 0 0 0 1
27 0.00116525 -0.0120837 0.999926 0.135313 -0.999991 -0.0041024 0.00111575 0.0671305 0.00408861 -0.999919 -0.0120884 -0.00013405 0 0 0 1
28 0.00133458 -0.0121369 0.999925 0.135003 -0.999992 -0.00382139 0.00128828 0.0660764 0.00380547 -0.999919 -0.0121419 0.00045796 0 0 0 1
29 0.00124689 -0.0122548 0.999924 0.133963 -0.99999 -0.00426725 0.00119468 0.0659878 0.00425228 -0.999916 -0.01226 0.00215621 0 0 0 1
30 0.0012481 -0.0121254 0.999926 0.13327 -0.999991 -0.00403672 0.00119923 0.0657333 0.00402188 -0.999918 -0.0121304 0.000996596 0 0 0 1
31 0.00129417 -0.0121556 0.999925 0.133614 -0.999991 -0.00405086 0.00124501 0.0654793 0.00403543 -0.999918 -0.0121607 0.00124352 0 0 0 1
32 0.00111609 -0.0119267 0.999928 0.134987 -0.999991 -0.00406404 0.00106768 0.0669651 0.00405102 -0.999921 -0.0119312 -0.000517327 0 0 0 1
33 0.00119001 -0.0120562 0.999927 0.133521 -0.99999 -0.00424842 0.00113886 0.066235 0.00423438 -0.999918 -0.0120612 6.59779e-05 0 0 0 1
34 0.00125493 -0.012081 0.999926 0.133528 -0.999991 -0.004038 0.00120623 0.0658413 0.00402313 -0.999919 -0.012086 -1.3061e-05 0 0 0 1
35 0.00118009 -0.0120181 0.999927 0.132669 -0.999991 -0.00409627 0.00113093 0.066275 0.00408238 -0.999919 -0.0120228 0.000409293 0 0 0 1
36 0.00112234 -0.0120649 0.999927 0.133496 -0.999991 -0.00407043 0.0010733 0.0670322 0.00405718 -0.999919 -0.0120693 0.000843033 0 0 0 1
37 0.00122071 -0.0120968 0.999926 0.133269 -0.999991 -0.00405236 0.00117176 0.0662009 0.00403788 -0.999919 -0.0121016 0.000811342 0 0 0 1
38 0.00124231 -0.012208 0.999925 0.13293 -0.999991 -0.00415395 0.00119168 0.065835 0.00413909 -0.999917 -0.0122131 0.00217802 0 0 0 1
39 0.00123761 -0.0120644 0.999926 0.134578 -0.999991 -0.00411633 0.00118802 0.0658822 0.0041017 -0.999919 -0.0120693 -0.000349087 0 0 0 1
40 0.00124251 -0.0121712 0.999925 0.132969 -0.999992 -0.00375891 0.00119684 0.0662577 0.00374406 -0.999919 -0.0121757 0.00142973 0 0 0 1
41 0.00114789 -0.0121516 0.999926 0.133488 -0.999991 -0.00419622 0.00109697 0.0665798 0.00418257 -0.999917 -0.0121563 0.00173733 0 0 0 1
42 0.00124517 -0.0121074 0.999926 0.134085 -0.999992 -0.00388741 0.00119819 0.0664349 0.00387262 -0.999919 -0.0121122 0.00085411 0 0 0 1
43 0.001211 -0.0121033 0.999926 0.133565 -0.999992 -0.00389054 0.00116398 0.0666483 0.00387617 -0.999919 -0.0121079 0.000275613 0 0 0 1
44 0.00109541 -0.0119997 0.999927 0.133299 -0.999991 -0.00408658 0.00104644 0.0667941 0.00407373 -0.99992 -0.0120041 0.000261727 0 0 0 1
45 0.00119912 -0.0120704 0.999926 0.133686 -0.999992 -0.00392728 0.00115179 0.0667041 0.00391309 -0.999919 -0.012075 0.00089112 0 0 0 1
46 0.00112863 -0.0120138 0.999927 0.134645 -0.999991 -0.00402967 0.00108028 0.0669425 0.0040164 -0.99992 -0.0120183 0.000182634 0 0 0 1
47 0.00113615 -0.0120669 0.999927 0.133232 -0.999991 -0.00410733 0.00108666 0.0665896 0.00409392 -0.999919 -0.0120715 0.00103058 0 0 0 1
48 0.00113528 -0.0121449 0.999926 0.132729 -0.999991 -0.0041838 0.00108453 0.066844 0.00417032 -0.999917 -0.0121496 0.00097636 0 0 0 1
49 0.00105513 -0.0121262 0.999926 0.132139 -0.999991 -0.00404213 0.00100618 0.0673007 0.00402963 -0.999918 -0.0121304 0.00139466 0 0 0 1
50 0.00102578 -0.0120671 0.999927 0.132922 -0.999991 -0.00409994 0.000976365 0.0678939 0.00408786 -0.999919 -0.0120712 0.00083167 0 0 0 1
51 0.00109751 -0.0120703 0.999927 0.134691 -0.999991 -0.00416363 0.00104732 0.0673384 0.00415068 -0.999918 -0.0120748 0.000989937 0 0 0 1
52 0.00114392 -0.0121226 0.999926 0.133549 -0.999991 -0.00420705 0.00109299 0.0662972 0.00419349 -0.999918 -0.0121273 0.00135189 0 0 0 1
53 0.00103803 -0.0119837 0.999928 0.1334 -0.999991 -0.00405569 0.000989494 0.0674041 0.00404354 -0.99992 -0.0119878 0.000539697 0 0 0 1
54 0.00118148 -0.0121642 0.999925 0.132986 -0.999991 -0.00416322 0.00113091 0.0664705 0.00414915 -0.999917 -0.012169 0.00192468 0 0 0 1
55 0.00112391 -0.0120351 0.999927 0.134104 -0.999991 -0.00403863 0.00107537 0.0672534 0.00402539 -0.999919 -0.0120395 0.000354929 0 0 0 1
56 0.00100454 -0.0120906 0.999926 0.134233 -0.99999 -0.00426987 0.000952975 0.0675112 0.00425804 -0.999918 -0.0120947 0.000448127 0 0 0 1
57 0.00110888 -0.0121541 0.999926 0.132926 -0.999992 -0.00388794 0.00106169 0.0675226 0.00387474 -0.999919 -0.0121583 0.00143478 0 0 0 1
58 0.00102732 -0.011982 0.999928 0.134041 -0.999991 -0.0040463 0.000978903 0.0680401 0.00403428 -0.99992 -0.0119861 -0.000283077 0 0 0 1
59 0.0010044 -0.0119659 0.999928 0.133289 -0.999991 -0.00406747 0.000955793 0.0681358 0.00405574 -0.99992 -0.0119698 0.000286474 0 0 0 1
60 0.000958727 -0.0120964 0.999926 0.133398 -0.99999 -0.00429575 0.000906821 0.0681722 0.00428447 -0.999918 -0.0121004 0.000621908 0 0 0 1
61 0.000975215 -0.0121267 0.999926 0.132094 -0.999991 -0.00419031 0.00092446 0.0677821 0.00417879 -0.999918 -0.0121306 0.00131405 0 0 0 1
62 0.000991409 -0.0121131 0.999926 0.132143 -0.999991 -0.00425449 0.000939934 0.0674814 0.00424279 -0.999918 -0.0121172 0.00117493 0 0 0 1
63 0.00107307 -0.0121486 0.999926 0.132157 -0.999992 -0.00398126 0.00102477 0.0671748 0.00396852 -0.999918 -0.0121528 0.00186654 0 0 0 1
64 0.00103334 -0.0121073 0.999926 0.13311 -0.999991 -0.00413315 0.000983366 0.06768 0.00412094 -0.999918 -0.0121114 0.00106894 0 0 0 1
65 0.00108035 -0.0121607 0.999925 0.133194 -0.999991 -0.00414701 0.00102999 0.0672382 0.00413418 -0.999917 -0.0121651 0.00157725 0 0 0 1
66 0.0010667 -0.0121911 0.999925 0.13212 -0.99999 -0.00424213 0.00101505 0.0671053 0.00422944 -0.999917 -0.0121955 0.00144817 0 0 0 1
67 0.00101192 -0.0120537 0.999927 0.132536 -0.999991 -0.00405005 0.000963168 0.0676068 0.00403814 -0.999919 -0.0120577 0.000854529 0 0 0 1
68 0.00111519 -0.0121788 0.999925 0.132242 -0.999991 -0.00411219 0.00106517 0.0668561 0.00409891 -0.999917 -0.0121833 0.00161762 0 0 0 1
69 0.000997844 -0.0113213 0.999935 0.132194 -0.999992 -0.00383456 0.000954486 0.0676972 0.00382351 -0.999929 -0.011325 0.00199202 0 0 0 1
70 0.0010416 -0.0116603 0.999931 0.132991 -0.999991 -0.00415018 0.000993269 0.0678996 0.00413831 -0.999923 -0.0116645 0.00172419 0 0 0 1
71 0.00107981 -0.00941136 0.999955 0.133074 -0.999993 -0.00353471 0.00104658 0.0677465 0.0035247 -0.999949 -0.00941512 0.00157191 0 0 0 1
72 0.000932283 -0.0128072 0.999918 0.13389 -0.999991 -0.00417031 0.000878937 0.0681305 0.00415871 -0.999909 -0.0128109 0.00111333 0 0 0 1
73 0.000882536 -0.0160606 0.999871 0.13259 -0.999991 -0.00413646 0.0008162 0.0687027 0.00412281 -0.999862 -0.0160641 -0.000533378 0 0 0 1
74 0.000307257 -0.0311097 0.999516 0.134793 -0.999964 -0.0084573 4.41636e-05 0.0663458 0.00845183 -0.99948 -0.0311112 -0.00337678 0 0 0 1
75 -0.0077894 -0.0594836 0.998199 0.134326 -0.999905 -0.010896 -0.00845202 0.0602289 0.0113792 -0.99817 -0.0593931 -0.00419317 0 0 0 1
76 -0.024007 -0.0844829 0.996136 0.136512 -0.999605 -0.0125139 -0.0251519 0.0619549 0.0145904 -0.996346 -0.0841491 0.000320659 0 0 0 1
77 -0.00982882 -0.0536598 0.998511 0.142881 -0.99995 -0.00122528 -0.00990883 0.0670363 0.00175517 -0.998559 -0.0536451 0.0365021 0 0 0 1
78 0.000205336 -0.055346 0.998467 0.16126 -1 0.000644858 0.000241397 0.0680708 -0.00065723 -0.998467 -0.0553459 0.0859326 0 0 0 1
79 0.0073821 -0.0653429 0.997836 0.178503 -0.999694 -0.0240455 0.00582123 0.052436 0.0236131 -0.997573 -0.0655004 0.176676 0 0 0 1
80 -0.0135352 -0.0367164 0.999234 0.194909 -0.999845 -0.0107311 -0.0139378 0.0270536 0.0112347 -0.999268 -0.0365655 0.28907 0 0 0 1
81 -0.0539664 -0.0512717 0.997226 0.211157 -0.99849 -0.00745702 -0.0544182 0.00618519 0.0102264 -0.998657 -0.0507919 0.416682 0 0 0 1
82 -0.0749149 -0.0251617 0.996872 0.22129 -0.997095 -0.0119037 -0.0752321 -0.034711 0.0137595 -0.999613 -0.0241969 0.564731 0 0 0 1
83 -0.11521 -0.0186005 0.993167 0.241304 -0.993213 -0.0139238 -0.115476 -0.0844636 0.0159766 -0.99973 -0.0168701 0.692554 0 0 0 1
84 -0.141739 -0.0196782 0.989708 0.261026 -0.989457 -0.0272156 -0.142244 -0.118336 0.0297347 -0.999436 -0.0156133 0.834306 0 0 0 1
85 -0.158177 -0.00441786 0.987401 0.27909 -0.986978 -0.0288985 -0.158238 -0.157315 0.0292335 -0.999573 0.000210741 0.955089 0 0 0 1
86 -0.165545 0.0288855 0.985779 0.303887 -0.985502 -0.042507 -0.164253 -0.193958 0.037158 -0.998679 0.0355035 1.05432 0 0 0 1
87 -0.158749 0.0572684 0.985657 0.33055 -0.986296 -0.0546301 -0.155677 -0.210624 0.0449311 -0.996863 0.0651561 1.13505 0 0 0 1
88 -0.143532 0.117027 0.982702 0.356339 -0.988491 -0.0649118 -0.136647 -0.23618 0.0477975 -0.991005 0.124997 1.20438 0 0 0 1
89 -0.13864 0.180746 0.973709 0.38929 -0.988486 -0.0854325 -0.124886 -0.262007 0.0606138 -0.979812 0.190509 1.25545 0 0 0 1
90 -0.137105 0.200339 0.970086 0.423592 -0.988485 -0.0909693 -0.120919 -0.270924 0.0640232 -0.975494 0.210505 1.29905 0 0 0 1
91 -0.076469 0.256311 0.963565 0.450514 -0.995072 -0.0807949 -0.0574778 -0.273485 0.063119 -0.963212 0.261226 1.3442 0 0 0 1
92 0.00293241 0.292033 0.956404 0.484568 -0.998411 -0.0529717 0.0192358 -0.285737 0.0562798 -0.95494 0.291413 1.37831 0 0 0 1
93 0.0617376 0.272297 0.960231 0.527206 -0.997914 -0.00136534 0.0645476 -0.31483 0.0188872 -0.962212 0.271645 1.40641 0 0 0 1
94 0.0899575 0.280119 0.955741 0.570495 -0.995821 0.0404485 0.081875 -0.359044 -0.0157235 -0.959113 0.282587 1.43268 0 0 0 1
95 0.0578557 0.332009 0.9415 0.615963 -0.998273 0.0288572 0.0511683 -0.419822 -0.0101808 -0.942835 0.333105 1.44257 0 0 0 1
96 0.0105893 0.347675 0.937555 0.657553 -0.999942 0.00190879 0.0105861 -0.483333 0.00189093 -0.937613 0.347675 1.45336 0 0 0 1
97 -0.0308348 0.355226 0.934272 0.694532 -0.999408 -0.0252288 -0.0233921 -0.547569 0.0152611 -0.93444 0.355793 1.46693 0 0 0 1
98 -0.106352 0.369444 0.923147 0.737785 -0.99374 -0.071442 -0.0858936 -0.616052 0.0342185 -0.926502 0.37473 1.48451 0 0 0 1
99 -0.250331 0.376085 0.892129 0.780758 -0.96676 -0.146636 -0.209456 -0.687135 0.052045 -0.914909 0.400292 1.49029 0 0 0 1
100 -0.406368 0.361517 0.839149 0.828112 -0.911426 -0.225263 -0.344323 -0.762927 0.0645508 -0.904744 0.421036 1.48938 0 0 0 1
101 -0.543299 0.330186 0.771883 0.877694 -0.836691 -0.288626 -0.46545 -0.836202 0.0691004 -0.898706 0.433074 1.48323 0 0 0 1
102 -0.663594 0.278462 0.694335 0.929959 -0.743616 -0.346921 -0.571561 -0.898035 0.0817215 -0.895603 0.437283 1.47519 0 0 0 1
103 -0.745915 0.235933 0.622853 0.97417 -0.661179 -0.375082 -0.649735 -0.946619 0.0803268 -0.896465 0.435773 1.49093 0 0 0 1
104 -0.807003 0.193392 0.557984 1.01354 -0.585431 -0.386099 -0.71288 -0.99582 0.0775719 -0.901957 0.4248 1.48355 0 0 0 1
105 -0.853647 0.145462 0.500128 1.05268 -0.513702 -0.393689 -0.762311 -1.03454 0.0860078 -0.907662 0.410796 1.48078 0 0 0 1
106 -0.888354 0.0967396 0.448853 1.08661 -0.447756 -0.399028 -0.800182 -1.07946 0.101696 -0.911821 0.397794 1.46621 0 0 0 1
107 -0.913269 0.0533632 0.403847 1.11068 -0.391 -0.392953 -0.832291 -1.13384 0.114279 -0.918009 0.379736 1.45579 0 0 0 1
108 -0.925745 0.0330152 0.376705 1.13654 -0.360153 -0.380628 -0.851711 -1.18473 0.115265 -0.924139 0.364255 1.44679 0 0 0 1
109 -0.934243 0.0124486 0.35642 1.16296 -0.334596 -0.37649 -0.863887 -1.24073 0.123434 -0.926337 0.355898 1.42983 0 0 0 1
110 -0.93435 -0.00484726 0.356324 1.19644 -0.331535 -0.354821 -0.874177 -1.29884 0.130669 -0.934922 0.32992 1.40417 0 0 0 1
111 -0.927051 -0.0318216 0.373581 1.23062 -0.349356 -0.288399 -0.891502 -1.35537 0.13611 -0.956981 0.256244 1.37862 0 0 0 1
112 -0.908141 -0.0232429 0.418018 1.26233 -0.398102 -0.261117 -0.879393 -1.39517 0.129591 -0.965027 0.227879 1.35658 0 0 0 1
113 -0.891178 -0.0315548 0.452555 1.29581 -0.432668 -0.240782 -0.868805 -1.42495 0.136382 -0.970066 0.200927 1.33578 0 0 0 1
114 -0.86887 -0.0443991 0.493045 1.34901 -0.475749 -0.200439 -0.856439 -1.44828 0.136851 -0.9787 0.153033 1.30872 0 0 0 1
115 -0.830006 -0.0401896 0.556305 1.41206 -0.540084 -0.191157 -0.819615 -1.45255 0.139281 -0.980736 0.136955 1.28086 0 0 0 1
116 -0.785218 -0.0413383 0.617838 1.48919 -0.602897 -0.176541 -0.778042 -1.43528 0.141236 -0.983425 0.1137 1.25692 0 0 0 1
117 -0.733893 -0.0289284 0.678648 1.56504 -0.665218 -0.171523 -0.726681 -1.41546 0.137425 -0.984755 0.106636 1.23311 0 0 0 1
118 -0.690281 -0.0495176 0.721845 1.64194 -0.712816 -0.124594 -0.690195 -1.39936 0.124114 -0.990971 0.050708 1.19861 0 0 0 1
119 -0.641175 -0.0927716 0.761766 1.70987 -0.759572 -0.0646517 -0.647202 -1.38389 0.109291 -0.993586 -0.0290136 1.17212 0 0 0 1
120 -0.592197 -0.132504 0.794824 1.76057 -0.797685 -0.0431802 -0.601527 -1.37621 0.114025 -0.990241 -0.0801251 1.14178 0 0 0 1
121 -0.555012 -0.175091 0.813206 1.81072 -0.821892 -0.0353315 -0.568547 -1.3795 0.128279 -0.983918 -0.124297 1.1026 0 0 0 1
122 -0.524516 -0.21189 0.824612 1.8657 -0.841549 -0.0178805 -0.539884 -1.3869 0.129141 -0.97713 -0.168937 1.06963 0 0 0 1
123 -0.501604 -0.240395 0.831026 1.92437 -0.857152 0.00820966 -0.514999 -1.41067 0.116981 -0.97064 -0.210173 1.03914 0 0 0 1
124 -0.482171 -0.244911 0.841148 1.99245 -0.87116 0.032453 -0.489926 -1.43597 0.0926906 -0.969002 -0.229005 1.03068 0 0 0 1
125 -0.457409 -0.208575 0.86445 2.06336 -0.886401 0.0290979 -0.462003 -1.46747 0.0712084 -0.977573 -0.19819 1.03237 0 0 0 1
126 -0.448249 -0.206562 0.869715 2.14249 -0.891661 0.0343748 -0.451396 -1.50354 0.0633451 -0.977829 -0.199592 1.05357 0 0 0 1
127 -0.422244 -0.149497 0.89407 2.22474 -0.905035 0.0138082 -0.425113 -1.52623 0.0512077 -0.988666 -0.141131 1.08534 0 0 0 1
128 -0.387415 -0.125159 0.91337 2.31422 -0.92074 0.00273943 -0.390166 -1.54384 0.0463307 -0.992133 -0.1163 1.10694 0 0 0 1
129 -0.365716 -0.063791 0.928538 2.40922 -0.929689 -0.0220603 -0.367685 -1.56806 0.0439388 -0.997719 -0.0512379 1.12347 0 0 0 1
130 -0.361003 -0.0197906 0.932355 2.51288 -0.931525 -0.0395486 -0.361521 -1.59996 0.0440281 -0.999022 -0.00415826 1.13432 0 0 0 1
131 -0.367686 0.0210988 0.92971 2.61599 -0.929394 -0.0429079 -0.366587 -1.63926 0.0321573 -0.998856 0.0353858 1.14761 0 0 0 1
132 -0.397618 0.0143537 0.917439 2.7158 -0.916784 -0.0471014 -0.396597 -1.69658 0.0375201 -0.998787 0.0318876 1.16765 0 0 0 1
133 -0.440951 0.00449563 0.89752 2.80714 -0.896236 -0.055906 -0.44004 -1.75297 0.0481985 -0.998426 0.028681 1.18541 0 0 0 1
134 -0.462148 0.0255579 0.886434 2.89253 -0.88574 -0.0622203 -0.459992 -1.80835 0.0433978 -0.997735 0.0513926 1.20013 0 0 0 1
135 -0.472513 0.066399 0.878819 2.98144 -0.880335 -0.0827824 -0.467074 -1.8584 0.0417375 -0.994353 0.0975691 1.20006 0 0 0 1
136 -0.445349 0.0820676 0.891588 3.077 -0.894828 -0.0750191 -0.440062 -1.89261 0.0307713 -0.993799 0.106846 1.206 0 0 0 1
137 -0.369608 0.101678 0.923608 3.17443 -0.928947 -0.0630816 -0.3648 -1.92338 0.0211706 -0.992815 0.117769 1.20999 0 0 0 1
138 -0.271638 0.110986 0.955978 3.27012 -0.962299 -0.0456473 -0.268135 -1.94423 0.0138786 -0.992773 0.119201 1.22552 0 0 0 1
139 -0.198175 0.119601 0.972842 3.36274 -0.980134 -0.0322963 -0.19569 -1.96433 0.00801452 -0.992297 0.123625 1.23927 0 0 0 1
140 -0.126972 0.145582 0.981165 3.45175 -0.991857 -0.00873801 -0.12706 -1.99183 -0.00992419 -0.989308 0.145506 1.24486 0 0 0 1
141 -0.0606022 0.177314 0.982287 3.54165 -0.997894 0.0120472 -0.0637398 -2.02108 -0.0231358 -0.984081 0.17621 1.24323 0 0 0 1
142 0.00867425 0.228522 0.9735 3.63364 -0.99952 0.0309259 0.00164646 -2.04912 -0.0297301 -0.973047 0.228681 1.24375 0 0 0 1
143 0.0663074 0.233047 0.970202 3.72732 -0.997769 0.0230355 0.0626582 -2.06996 -0.00774675 -0.972193 0.234055 1.24577 0 0 0 1
144 0.11116 0.19511 0.974462 3.82355 -0.993736 0.0104792 0.11126 -2.09524 0.0114964 -0.980725 0.195052 1.25417 0 0 0 1
145 0.144008 0.206777 0.967732 3.91177 -0.989575 0.0281484 0.141244 -2.13307 0.00196586 -0.977983 0.208675 1.26661 0 0 0 1
146 0.147911 0.235575 0.960535 4.00005 -0.988993 0.0389812 0.142733 -2.18346 -0.00381846 -0.971074 0.238748 1.26553 0 0 0 1
147 0.133952 0.26194 0.955743 4.09097 -0.990988 0.0359048 0.129052 -2.24777 -0.000511924 -0.964416 0.264389 1.26482 0 0 0 1
148 0.106379 0.285884 0.952341 4.17889 -0.993746 -0.00211782 0.11164 -2.31667 0.0339329 -0.958262 0.283871 1.27674 0 0 0 1
149 0.06417 0.303536 0.950657 4.26551 -0.996365 -0.0339884 0.0781075 -2.39462 0.0560198 -0.952214 0.300251 1.28793 0 0 0 1
150 0.00486479 0.319653 0.947522 4.35029 -0.997392 -0.0666759 0.0276144 -2.46649 0.0720039 -0.945186 0.318496 1.31021 0 0 0 1
151 -0.068112 0.345411 0.935976 4.43832 -0.993612 -0.108099 -0.0324133 -2.53674 0.0899825 -0.932205 0.350568 1.32166 0 0 0 1
152 -0.149897 0.334955 0.930235 4.52925 -0.984265 -0.139584 -0.108343 -2.60943 0.0935557 -0.931838 0.350607 1.32963 0 0 0 1
153 -0.221533 0.337856 0.914755 4.62443 -0.970475 -0.168157 -0.172919 -2.68195 0.0954005 -0.926054 0.365133 1.33199 0 0 0 1
154 -0.286178 0.339325 0.896081 4.71693 -0.953703 -0.191133 -0.232203 -2.75111 0.0924782 -0.921046 0.378314 1.32236 0 0 0 1
155 -0.360781 0.29179 0.88583 4.81439 -0.928452 -0.202391 -0.311473 -2.82672 0.0883991 -0.934824 0.343931 1.31321 0 0 0 1
156 -0.411244 0.260805 0.873418 4.90547 -0.908153 -0.19957 -0.368007 -2.90293 0.0783299 -0.944538 0.318922 1.31051 0 0 0 1
157 -0.474353 0.250722 0.843877 4.98271 -0.877336 -0.213688 -0.429673 -2.99172 0.0725977 -0.94418 0.321331 1.30654 0 0 0 1
158 -0.540508 0.243787 0.805245 5.05747 -0.839184 -0.224679 -0.495267 -3.07612 0.060182 -0.943444 0.326023 1.29357 0 0 0 1
159 -0.602933 0.213343 0.768737 5.1211 -0.795376 -0.235684 -0.558418 -3.16969 0.0620444 -0.948123 0.311789 1.27683 0 0 0 1
160 -0.683638 0.132874 0.717623 5.19137 -0.725508 -0.230475 -0.648475 -3.2712 0.0792291 -0.963964 0.253962 1.24566 0 0 0 1
161 -0.737775 0.0875262 0.669348 5.2575 -0.668161 -0.235947 -0.705613 -3.357 0.0961709 -0.967816 0.232557 1.23254 0 0 0 1
162 -0.7897 0.0449065 0.611848 5.31866 -0.604916 -0.223188 -0.764372 -3.44633 0.102232 -0.97374 0.203416 1.21655 0 0 0 1
163 -0.843776 0.00854869 0.536627 5.38393 -0.525278 -0.218292 -0.822454 -3.52542 0.110111 -0.975846 0.18868 1.19946 0 0 0 1
164 -0.883774 -0.00231332 0.467908 5.45567 -0.457576 -0.204767 -0.865272 -3.59533 0.0978139 -0.978808 0.17991 1.17586 0 0 0 1
165 -0.915596 -0.021874 0.401504 5.52999 -0.391469 -0.17959 -0.902496 -3.67036 0.0918473 -0.983498 0.155869 1.1386 0 0 0 1
166 -0.934206 -0.0642062 0.350908 5.60671 -0.339227 -0.144479 -0.929543 -3.73675 0.110381 -0.987423 0.113192 1.11281 0 0 0 1
167 -0.93697 -0.091182 0.337303 5.68956 -0.328993 -0.0949321 -0.939549 -3.79241 0.117691 -0.991299 0.0589503 1.0873 0 0 0 1
168 -0.929159 -0.0827297 0.360304 5.77568 -0.353136 -0.0896717 -0.931265 -3.8378 0.109352 -0.992529 0.0541045 1.074 0 0 0 1
169 -0.918671 -0.0866143 0.385411 5.8733 -0.381187 -0.0615914 -0.922444 -3.88844 0.103635 -0.994336 0.023566 1.03538 0 0 0 1
170 -0.886244 -0.102032 0.451842 5.98012 -0.451094 -0.0316147 -0.891916 -3.9314 0.105289 -0.994279 -0.0180079 0.993518 0 0 0 1
171 -0.819179 -0.141672 0.555765 6.08761 -0.562257 0.00712641 -0.826932 -3.95142 0.113193 -0.989888 -0.0854941 0.956344 0 0 0 1
172 -0.734697 -0.149376 0.661746 6.17731 -0.67029 0.00949947 -0.742038 -3.95145 0.104556 -0.988735 -0.107104 0.937185 0 0 0 1
173 -0.658589 -0.197338 0.726167 6.2684 -0.744004 0.0261322 -0.667664 -3.94755 0.112779 -0.979987 -0.16403 0.910393 0 0 0 1
174 -0.5947 -0.224267 0.772034 6.35333 -0.79633 0.032442 -0.603992 -3.94468 0.110409 -0.973988 -0.197884 0.886028 0 0 0 1
175 -0.532083 -0.239928 0.811986 6.43871 -0.8403 0.032023 -0.541175 -3.94379 0.103841 -0.970262 -0.21865 0.859219 0 0 0 1
176 -0.495224 -0.242811 0.834144 6.53166 -0.863641 0.033466 -0.502995 -3.94756 0.0942173 -0.969496 -0.226275 0.835858 0 0 0 1
177 -0.463612 -0.255039 0.848539 6.62211 -0.882647 0.0492266 -0.467451 -3.95004 0.0774476 -0.965677 -0.247931 0.819405 0 0 0 1
178 -0.430991 -0.278752 0.858221 6.71043 -0.899063 0.0514694 -0.434784 -3.94695 0.0770247 -0.958983 -0.272798 0.79885 0 0 0 1
179 -0.377966 -0.290983 0.878903 6.79405 -0.923174 0.0467424 -0.381529 -3.94436 0.0699364 -0.955586 -0.286295 0.785256 0 0 0 1
180 -0.338791 -0.288774 0.89545 6.8833 -0.938219 0.0324079 -0.344522 -3.9466 0.0704694 -0.956849 -0.281913 0.776837 0 0 0 1
181 -0.292345 -0.286168 0.912492 6.97607 -0.954792 0.0335442 -0.295377 -3.95575 0.0539186 -0.957592 -0.283037 0.762051 0 0 0 1
182 -0.239615 -0.294346 0.925173 7.06611 -0.969637 0.0245804 -0.24331 -3.96888 0.0488763 -0.955383 -0.291299 0.746252 0 0 0 1
183 -0.212047 -0.319698 0.923487 7.14745 -0.975613 0.0144176 -0.219024 -3.98914 0.0567073 -0.94741 -0.314959 0.744895 0 0 0 1
184 -0.19555 -0.321418 0.926526 7.22188 -0.979386 0.0152285 -0.201423 -4.02209 0.0506316 -0.946815 -0.317771 0.740361 0 0 0 1
185 -0.231596 -0.304318 0.923988 7.30698 -0.971658 0.0261127 -0.234944 -4.06746 0.0473699 -0.952212 -0.301741 0.735877 0 0 0 1
186 -0.294628 -0.299458 0.90748 7.40019 -0.954875 0.0549765 -0.291874 -4.11775 0.037514 -0.952524 -0.302143 0.728503 0 0 0 1
187 -0.365509 -0.278695 0.888106 7.49503 -0.929471 0.0581744 -0.364278 -4.17255 0.0498575 -0.958616 -0.280302 0.718528 0 0 0 1
188 -0.445105 -0.270692 0.853585 7.58696 -0.894319 0.085892 -0.439108 -4.22061 0.0455468 -0.958827 -0.280316 0.720649 0 0 0 1
189 -0.53242 -0.268956 0.802616 7.67249 -0.844739 0.108021 -0.524164 -4.27621 0.0542772 -0.957076 -0.28471 0.734995 0 0 0 1
190 -0.610426 -0.248162 0.752194 7.74115 -0.791061 0.143018 -0.594784 -4.33634 0.0400252 -0.958103 -0.283614 0.751913 0 0 0 1
191 -0.668894 -0.203533 0.714951 7.80514 -0.742333 0.132409 -0.656817 -4.39623 0.0390182 -0.970073 -0.239657 0.769777 0 0 0 1
192 -0.730436 -0.170438 0.661373 7.87484 -0.681821 0.125541 -0.720666 -4.45817 0.0397998 -0.977338 -0.207908 0.776241 0 0 0 1
193 -0.767881 -0.132493 0.626741 7.94739 -0.639946 0.11474 -0.759805 -4.51739 0.0287566 -0.98452 -0.172895 0.78733 0 0 0 1
194 -0.78692 -0.0987899 0.609096 8.02222 -0.616676 0.0912744 -0.781908 -4.57341 0.0216497 -0.990913 -0.132747 0.791914 0 0 0 1
195 -0.791776 -0.124164 0.598058 8.08721 -0.609959 0.109005 -0.7849 -4.6282 0.0322649 -0.986256 -0.162042 0.804067 0 0 0 1
196 -0.820817 -0.118817 0.558697 8.14987 -0.568374 0.0728717 -0.819537 -4.68406 0.0566619 -0.990238 -0.127347 0.830368 0 0 0 1
197 -0.845241 -0.100189 0.524909 8.21106 -0.531264 0.0515376 -0.845637 -4.73877 0.0576712 -0.993633 -0.0967886 0.841148 0 0 0 1
198 -0.859869 -0.0873213 0.502992 8.27734 -0.507502 0.0393222 -0.860753 -4.7861 0.0553833 -0.995404 -0.0781277 0.850105 0 0 0 1
199 -0.87013 -0.0704308 0.487764 8.35569 -0.489177 0.0032716 -0.872178 -4.81971 0.0598324 -0.997511 -0.0372998 0.85982 0 0 0 1
200 -0.850341 -0.070029 0.521552 8.44471 -0.52468 0.0367396 -0.850507 -4.83892 0.0403985 -0.996868 -0.067984 0.873234 0 0 0 1
201 -0.809439 -0.0819506 0.581457 8.53365 -0.584345 0.0148102 -0.811371 -4.84819 0.0578808 -0.996526 -0.0598754 0.867009 0 0 0 1
202 -0.744322 -0.11489 0.657864 8.6194 -0.665333 0.0426273 -0.745328 -4.84863 0.0575877 -0.992463 -0.108169 0.855128 0 0 0 1
203 -0.681417 -0.117447 0.72241 8.69983 -0.729761 0.0336991 -0.682872 -4.85506 0.0558566 -0.992507 -0.108671 0.83977 0 0 0 1
204 -0.620495 -0.120877 0.774838 8.78321 -0.783234 0.0462382 -0.620005 -4.87071 0.0391174 -0.99159 -0.123366 0.822531 0 0 0 1
205 -0.54547 -0.124359 0.828853 8.8673 -0.837947 0.0602434 -0.542417 -4.88345 0.0175217 -0.990407 -0.137068 0.808194 0 0 0 1
206 -0.460233 -0.153833 0.874369 8.93881 -0.887677 0.0634507 -0.456074 -4.89704 0.0146801 -0.986057 -0.165756 0.788422 0 0 0 1
207 -0.368405 -0.177595 0.912545 9.00774 -0.92966 0.067217 -0.362234 -4.90906 0.00299231 -0.981805 -0.189866 0.777849 0 0 0 1
208 -0.287757 -0.209832 0.934434 9.07498 -0.957678 0.0558813 -0.282366 -4.92084 0.00703213 -0.976139 -0.217032 0.763573 0 0 0 1
209 -0.252011 -0.203194 0.946152 9.14748 -0.967668 0.0423892 -0.248638 -4.93139 0.0104152 -0.97822 -0.207307 0.74619 0 0 0 1
210 -0.201547 -0.208172 0.957101 9.21877 -0.979365 0.027922 -0.200162 -4.93936 0.014944 -0.977694 -0.209504 0.735432 0 0 0 1
211 -0.166895 -0.198541 0.965778 9.29805 -0.985755 0.0129087 -0.167693 -4.94855 0.020827 -0.980008 -0.197867 0.723452 0 0 0 1
212 -0.151148 -0.217159 0.964363 9.373 -0.988402 0.018727 -0.150699 -4.96124 0.014666 -0.975957 -0.217471 0.720009 0 0 0 1
213 -0.139177 -0.212417 0.967217 9.44995 -0.990034 0.00862493 -0.140566 -4.97336 0.0215165 -0.977141 -0.211501 0.729744 0 0 0 1
214 -0.121006 -0.228531 0.965987 9.53165 -0.99225 0.000147119 -0.124261 -4.98869 0.0282553 -0.973537 -0.226778 0.726262 0 0 0 1
215 -0.107077 -0.207404 0.972378 9.61515 -0.993584 -0.0134886 -0.112289 -5.01216 0.0364052 -0.978162 -0.204629 0.731748 0 0 0 1
216 -0.0997838 -0.17317 0.979824 9.70802 -0.994769 -0.00426204 -0.102059 -5.04086 0.0218496 -0.984883 -0.171839 0.741684 0 0 0 1
217 -0.0766598 -0.142314 0.986849 9.80426 -0.99703 0.00361332 -0.0769296 -5.06964 0.00738233 -0.989815 -0.142168 0.759335 0 0 0 1
218 -0.0493597 -0.133048 0.98988 9.89562 -0.998333 -0.0231217 -0.0528889 -5.10001 0.0299245 -0.99084 -0.131685 0.778292 0 0 0 1
219 -0.038059 -0.132842 0.990406 9.99903 -0.997848 -0.0479108 -0.0447712 -5.1221 0.0533987 -0.989979 -0.130732 0.79665 0 0 0 1
220 0.00143947 -0.127881 0.991789 10.0921 -0.998312 -0.0577694 -0.00599982 -5.13449 0.0580622 -0.990106 -0.127748 0.814259 0 0 0 1
221 0.0281694 -0.115003 0.992966 10.1932 -0.997785 -0.0631282 0.0209948 -5.15078 0.0602697 -0.991357 -0.116526 0.819287 0 0 0 1
222 0.0539526 -0.104751 0.993034 10.3024 -0.996336 -0.0717445 0.0465639 -5.16146 0.0663671 -0.991907 -0.108238 0.814145 0 0 0 1
223 0.0580622 -0.0934437 0.99393 10.4143 -0.996296 -0.0686725 0.0517442 -5.18106 0.0634205 -0.993253 -0.0970849 0.79801 0 0 0 1
224 0.0418322 -0.131583 0.990422 10.5311 -0.997827 -0.0560176 0.0347027 -5.19935 0.0509148 -0.989721 -0.13364 0.781384 0 0 0 1
225 0.0275817 -0.195806 0.980255 10.6418 -0.998648 -0.0486186 0.0183877 -5.21158 0.0440582 -0.979437 -0.196882 0.767722 0 0 0 1
226 0.0154151 -0.191693 0.981334 10.7474 -0.999374 -0.0342008 0.00901776 -5.23891 0.0318338 -0.980859 -0.1921 0.769845 0 0 0 1
227 -0.0189571 -0.174038 0.984556 10.8581 -0.999725 -0.0102769 -0.0210658 -5.26491 0.0137844 -0.984685 -0.173796 0.774154 0 0 0 1
228 -0.0273054 -0.138471 0.98999 10.9708 -0.999588 -0.00493803 -0.0282608 -5.29003 0.00880191 -0.990354 -0.138279 0.777293 0 0 0 1
229 -0.0204627 -0.0615619 0.997893 11.0729 -0.999763 0.00868696 -0.0199651 -5.32274 -0.00743957 -0.998065 -0.0617251 0.799599 0 0 0 1
230 -0.0551064 -0.0430224 0.997553 11.1776 -0.998435 0.0119218 -0.054641 -5.35437 -0.00954181 -0.999003 -0.0436121 0.821207 0 0 0 1
231 -0.0925867 -0.014252 0.995603 11.2765 -0.995703 -0.000694091 -0.0926059 -5.38454 0.00201086 -0.999898 -0.0141265 0.845307 0 0 0 1
232 -0.147122 0.0232952 0.988844 11.3786 -0.988455 -0.0400763 -0.14612 -5.41401 0.0362253 -0.998925 0.0289224 0.853831 0 0 0 1
233 -0.187742 0.0691478 0.979781 11.4839 -0.981207 -0.0584688 -0.183889 -5.43972 0.0445711 -0.995892 0.0788253 0.862816 0 0 0 1
234 -0.232631 0.108222 0.966525 11.5851 -0.971647 -0.0690384 -0.226134 -5.46877 0.0422547 -0.991727 0.121214 0.869616 0 0 0 1
235 -0.298777 0.12704 0.945829 11.6884 -0.95343 -0.0825967 -0.290084 -5.49638 0.04127 -0.988453 0.145802 0.873394 0 0 0 1
236 -0.377786 0.116518 0.918532 11.7937 -0.924575 -0.1004 -0.367535 -5.51971 0.0493956 -0.988101 0.14566 0.881542 0 0 0 1
237 -0.430939 0.101234 0.896684 11.8905 -0.901101 -0.101186 -0.421638 -5.54224 0.048048 -0.989703 0.134828 0.889022 0 0 0 1
238 -0.468867 0.107587 0.876692 11.9811 -0.881903 -0.112199 -0.457885 -5.57075 0.0491018 -0.987844 0.147488 0.897896 0 0 0 1
239 -0.514549 0.138366 0.846223 12.0725 -0.857063 -0.113046 -0.502656 -5.59965 0.0261117 -0.983908 0.176756 0.898847 0 0 0 1
240 -0.537991 0.18047 0.823405 12.1649 -0.842946 -0.111986 -0.526214 -5.62446 -0.00275593 -0.977185 0.212374 0.897156 0 0 0 1
241 -0.557134 0.212488 0.802777 12.2531 -0.830196 -0.119969 -0.544409 -5.65665 -0.0193726 -0.969771 0.243246 0.895989 0 0 0 1
242 -0.589348 0.191976 0.784739 12.3445 -0.807669 -0.11783 -0.577743 -5.68638 -0.0184471 -0.9743 0.224496 0.885617 0 0 0 1
243 -0.63809 0.14192 0.756769 12.433 -0.769949 -0.123288 -0.626082 -5.73105 0.0044471 -0.982171 0.18794 0.87582 0 0 0 1
244 -0.685718 0.102596 0.7206 12.5276 -0.72679 -0.150346 -0.670203 -5.76211 0.0395793 -0.983295 0.177661 0.867087 0 0 0 1
245 -0.696894 0.0714215 0.713609 12.6203 -0.714534 -0.154441 -0.682341 -5.78943 0.0614766 -0.985417 0.158662 0.844693 0 0 0 1
246 -0.721936 0.0613073 0.689238 12.7165 -0.689038 -0.155134 -0.707927 -5.81002 0.0635232 -0.985989 0.15424 0.838809 0 0 0 1
247 -0.748639 0.0693458 0.659341 12.8141 -0.660806 -0.158495 -0.733632 -5.82604 0.0536282 -0.984922 0.16448 0.824686 0 0 0 1
248 -0.769059 0.0638166 0.635984 12.9151 -0.637814 -0.141581 -0.757065 -5.83063 0.0417302 -0.987867 0.149588 0.826843 0 0 0 1
249 -0.754453 0.0454369 0.65478 13.0138 -0.654413 -0.128745 -0.745096 -5.83233 0.0504445 -0.990636 0.126866 0.828399 0 0 0 1
250 -0.728756 0.051706 0.682819 13.1125 -0.682287 -0.139729 -0.717607 -5.8297 0.0583047 -0.988839 0.137106 0.818315 0 0 0 1
251 -0.689108 0.0618165 0.722017 13.2168 -0.723415 -0.117036 -0.680422 -5.82688 0.0424405 -0.991202 0.125369 0.79044 0 0 0 1
252 -0.640943 0.0738131 0.764031 13.3249 -0.767135 -0.0958105 -0.634291 -5.83218 0.0263832 -0.992659 0.118034 0.768657 0 0 0 1
